[0, 1]
[0, 6, 17, 8, 4, 9, 3, 2, 1]
[0, 6, 17, 8, 14, 19, 20, 15, 11, 5, 10, 16, 12, 2, 1]
[0, 6, 17, 8, 7, 3, 2, 1]
[0, 6, 17, 19, 20, 15, 11, 5, 10, 16, 12, 2, 1]
[0, 6, 17, 19, 14, 8, 4, 9, 3, 2, 1]
[0, 6, 17, 19, 14, 8, 7, 3, 2, 1]
[0, 6, 3, 9, 4, 8, 17, 19, 20, 15, 11, 5, 10, 16, 12, 2, 1]
[0, 6, 3, 9, 4, 8, 14, 19, 20, 15, 11, 5, 10, 16, 12, 2, 1]
[0, 6, 3, 2, 1]
[0, 6, 3, 7, 8, 17, 19, 20, 15, 11, 5, 10, 16, 12, 2, 1]
[0, 6, 3, 7, 8, 14, 19, 20, 15, 11, 5, 10, 16, 12, 2, 1]
[0, 6, 11, 5, 10, 16, 12, 2, 1]
[0, 6, 11, 15, 20, 19, 17, 8, 4, 9, 3, 2, 1]
[0, 6, 11, 15, 20, 19, 17, 8, 7, 3, 2, 1]
[0, 6, 11, 15, 20, 19, 14, 8, 4, 9, 3, 2, 1]
[0, 6, 11, 15, 20, 19, 14, 8, 7, 3, 2, 1]
[0, 1, 2, 3, 9, 4, 8, 17, 19, 20, 15, 11, 6]
[0, 1, 2, 3, 9, 4, 8, 17, 6]
[0, 1, 2, 3, 9, 4, 8, 14, 19, 17, 6]
[0, 1, 2, 3, 9, 4, 8, 14, 19, 20, 15, 11, 6]
[0, 1, 2, 3, 6]
[0, 1, 2, 3, 7, 8, 17, 19, 20, 15, 11, 6]
[0, 1, 2, 3, 7, 8, 17, 6]
[0, 1, 2, 3, 7, 8, 14, 19, 17, 6]
[0, 1, 2, 3, 7, 8, 14, 19, 20, 15, 11, 6]
[0, 1, 2, 12, 16, 10, 5, 11, 6]
[0, 1, 2, 12, 16, 10, 5, 11, 15, 20, 19, 17, 8, 4, 9, 3, 6]
[0, 1, 2, 12, 16, 10, 5, 11, 15, 20, 19, 17, 8, 7, 3, 6]
[0, 1, 2, 12, 16, 10, 5, 11, 15, 20, 19, 17, 6]
[0, 1, 2, 12, 16, 10, 5, 11, 15, 20, 19, 14, 8, 17, 6]
[0, 1, 2, 12, 16, 10, 5, 11, 15, 20, 19, 14, 8, 4, 9, 3, 6]
[0, 1, 2, 12, 16, 10, 5, 11, 15, 20, 19, 14, 8, 7, 3, 6]
[0, 6]
